data
33.3401	
29.6033	
27.0254	
24.8955	
24.174	
23.9642	
24.2074	
24.0692	
23.5756	
23.358	
23.5566	
23.4802	
23.7314	
23.9027	
24.2155	
24.7363	
24.4216	
21.566	
14.9316	
9.08772	
10.3961	
18.5902	
36.5845	
61.2488	
85.296	
96.6761	
94.6586	
85.2543	
78.9199	
51.8206	
25.5958	
16.7837	
16.8106	
18.421	
18.6671	
18.8919	
18.9653	
18.8838	
19.4373	
20.176	
19.7776	
19.544	
18.9821	
17.8967	
17.3741	
17.354	
17.5398	
17.4311	
17.6817	
18.2557	
18.3075	
18.9694	
19.328	
19.2228	
19.0538	
18.8413	
18.9228	
19.1287	
19.7256	
18.6691	
18.745	
18.6656	
17.7199	
17.3778	
17.1266	
17.2537	
17.9989	
18.6696	
20.0355	
18.6482	
18.2516	
20.0975	
19.6236	
19.033	
19.8387	
17.2755	
16.6488	
17.218	
17.0478	
17.9662	
20.625	
23.9767	
27.5325	
31.1343	
33.52	
34.9573	
36.4462	
37.9017	
38.9779	
39.8888	
40.8782	
41.6521	
42.393	
43.9982	
43.4348	
40.2405	
36.9983	
34.9231	
31.4954	
31.2657	
32.1967	
31.8588	
29.4347	
29.19	
27.5666	
24.9436	
25.1108	
23.6172	
20.7724	
20.8885	
20.0429	
18.9965	
18.5546	
17.6964	
16.9392	
16.0933	
15.8546	
15.3425	
15.4972	
15.6873	
15.8309	
14.8105	
14.1787	
14.5776	
15.41	
27.8225	
41.8136	
46.2245	
51.4058	
75.2698	
98.2142	
108.171	
103.008	
89.0802	
82.406	
52.1281	
23.62	
10.3494	
10.5008	
13.2623	
13.7194	
14.0497	
14.2297	
14.177	
14.0727	
14.4634	
14.4783	
14.1098	
14.4429	
14.8765	
15.0474	
15.5526	
15.7377	
15.9631	
15.9124	
16.5611	
16.5446	
17.1565	
17.5542	
17.1034	
17.3182	
18.2068	
18.4151	
19.4306	
20.1201	
20.63	
21.2498	
21.7766	
22.6692	
21.4895	
21.6152	
23.2595	
22.5205	
22.6248	
22.9426	
23.0865	
23.4917	
23.5883	
23.8744	
24.3993	
24.8104	
25.7932	
24.5108	
24.5268	
25.5863	
24.3424	
24.2048	
23.8043	
23.6909	
24.1578	
25.3497	
25.835	
26.6912	
27.8569	
28.1328	
29.2094	
29.8252	
30.4039	
30.974	
31.2935	
30.467	
30.5331	
30.6092	
31.2693	
31.4299	
31.4669	
31.9029	
32.3967	
32.4559	
32.5818	
32.556	
32.5293	
31.9764	
31.9394	
31.836	
31.9378	
31.9611	
32.0926	
31.8054	
31.5889	
30.9699	
31.1901	
31.6307	
32.0762	
32.0903	
32.1907	
31.766	
31.2664	
30.221	
29.6239	
29.2913	
29.5279	
29.5698	
29.5296	
28.5657	
30.6723	
28.1356	
27.7149	
27.753	
27.9485	
27.8227	
26.9062	
26.1148	
25.7375	
25.7498	
26.438	
25.2662	
25.2571	
25.2483	
25.185	
24.6996	
24.5929	
24.3813	
23.6921	
23.5202	
23.3387	
23.3231	
23.04	
24.4121	
21.6187	
20.9194	
22.7962	
22.3313	
22.0481	
21.7468	
21.1075	
20.4862	
20.3974	
20.1502	
19.9395	
20.1957	
20.0744	
19.9238	
19.9466	
19.965	
19.6554	
19.8465	
20.399	
21.2603	
22.1207	
23.4057	
23.9268	
25.8043	
27.8548	
28.804	
29.5518	
30.7474	
31.9292	
32.3096	
31.7247	
30.9117	
30.006	
28.942	
28.4866	
29.2397	
30.9002	
32.7759	
32.1191	
28.0074	
27.5496	
27.0418	
24.1042	
21.022	
20.3305	
19.4852	
19.8218	
19.3008	
18.4153	
17.8535	
17.8803	
18.0635	
17.0534	
13.025	
10.4296	
11.534	
18.8287	
35.9052	
62.0072	
87.4696	
99.7355	
98.2639	
105.699	
103.187	
54.6575	
27.5317	
16.2797	
16.6173	
18.6075	
19.2388	
19.4381	
19.9456	
20.5051	
21.4131	
20.0712	
20.0112	
19.833	
19.5622	
19.4989	
19.899	
20.4181	
19.8474	
20.1735	
20.0951	
20.0648	
20.6654	
20.9453	
21.026	
21.0792	
21.6354	
21.675	
22.2588	
22.7877	
23.369	
22.3544	
23.9724	
23.8107	
21.5608	
21.0631	
21.7468	
20.8161	
20.1046	
21.1837	
20.8383	
19.8589	
20.6697	
19.0825	
18.3296	
18.1145	
16.2708	
14.7283	
14.0321	
14.0419	
14.817	
17.0937	
18.4903	
21.2637	
24.1213	
25.9496	
27.5211	
28.4874	
29.5169	
30.8803	
31.4771	
32.143	
32.5667	
33.2005	
33.4844	
33.605	
33.7313	
33.8821	
33.7814	
33.569	
33.6467	
33.7282	
33.8453	
33.7643	
33.1201	
32.6126	
31.4251	
31.1473	
30.7396	
29.9263	
30.0346	
29.8677	
29.7854	
29.9597	
30.7332	
29.2265	
27.2267	
28.8143	
27.3498	
26.7322	
26.3884	
25.5681	
25.0916	
24.3714	
23.9959	
23.8826	
24.2677	
24.6005	
23.9255	
23.7763	
25.2175	
24.1972	
24.0269	
23.7407	
22.8685	
22.2088	
21.9724	
22.0458	
22.295	
22.6682	
22.7756	
23.8992	
25.1871	
25.785	
26.7323	
28.2651	
29.1561	
29.5663	
31.1491	
32.7405	
33.6524	
34.3781	
33.3224	
31.6369	
30.5177	
30.3395	
29.9689	
30.5913	
32.2524	
32.0625	
29.5115	
25.3347	
22.0595	
19.6484	
18.2666	
18.0891	
18.1882	
18.5024	
18.4537	
18.9114	
17.7874	
17.1637	
16.8824	
15.139	
8.67012	
1.98003	
7.83919	
18.101	
38.1119	
62.6334	
82.5968	
89.9407	
88.195	
95.8625	
98.3046	
87.3645	
40.9656	
18.1444	
12.0784	
13.6924	
14.5606	
14.461	
14.1546	
14.0802	
14.6927	
14.9496	
15.076	
15.6617	
15.9041	
15.8124	
16.1756	
16.4167	
15.9281	
16.2246	
16.3096	
16.5055	
17.2117	
18.1079	
18.4077	
18.6066	
19.3082	
19.3926	
19.4834	
19.6378	
19.7603	
19.4221	
19.5357	
19.7633	
19.8946	
20.0537	
20.907	
21.2193	
22.1093	
22.9242	
23.0476	
22.9683	
22.4406	
22.2745	
22.0266	
22.6024	
22.4694	
22.8206	
23.3249	
23.5297	
25.1639	
26.1679	
27.7476	
28.4578	
29.3266	
30.3405	
31.0781	
32.5224	
33.5531	
34.9181	
33.2438	
33.1279	
35.4626	
33.9098	
33.5613	
36.0276	
34.9971	
34.227	
34.9919	
34.7594	
33.6173	
33.6619	
34.1508	
32.5495	
32.3762	
32.5346	
31.2911	
30.5145	
31.6783	
31.6001	
28.6654	
29.8993	
28.1969	
27.6929	
27.2515	
26.6733	
26.3549	
25.3773	
24.6533	
23.9274	
23.6592	
23.4883	
23.3513	
23.0003	
23.1403	
23.0698	
22.5923	
22.4948	
22.2191	
22.3407	
22.6229	
22.4467	
21.8654	
21.7135	
21.883	
23.7129	
25.3927	
27.472	
28.7395	
29.5037	
30.2927	
31.0799	
31.4066	
31.8532	
32.2105	
32.3048	
32.3046	
32.1453	
31.2385	
30.5497	
30.2953	
31.546	
30.7709	
30.0366	
28.8857	
24.3716	
21.3289	
19.1078	
18.7666	
19.1045	
19.7921	
19.0105	
18.5426	
18.4053	
17.3346	
17.2556	
18.6156	
18.5183	
17.7071	
16.1129	
10.4903	
4.97946	
7.26545	
16.9833	
37.3155	
63.4717	
86.079	
95.4236	
92.2252	
81.2417	
62.1207	
38.6863	
19.9406	
13.6145	
14.4041	
15.8892	
16.3652	
16.6783	
16.9279	
16.8803	
16.9891	
17.6803	
19.1289	
18.6518	
19.3222	
19.8538	
20.2725	
19.7154	
19.7821	
19.5421	
19.2269	
19.9464	
20.2228	
20.559	
20.8306	
21.9952	
21.0859	
21.7209	
22.4586	
23.513	
23.475	
23.8548	
23.591	
23.5091	
24.1999	
24.7777	
24.6861	
25.0853	
25.2501	
24.845	
24.5071	
24.0106	
24.3135	
25.206	
26.1038	
25.8958	
23.9533	
25.4066	
24.2062	
23.9662	
23.4228	
23.0446	
23.0193	
23.5985	
24.5581	
27.1153	
28.5383	
30.2405	
31.6448	
32.5907	
33.4386	
33.7857	
33.8452	
34.5449	
34.6742	
35.2185	
35.2325	
35.1063	
34.2676	
33.421	
33.0428	
32.5288	
32.2612	
32.7852	
32.7934	
33.6019	
33.5662	
34.9009	
31.5292	
32.9317	
30.9311	
30.1736	
29.7509	
28.8343	
27.7718	
26.9982	
26.9807	
26.6899	
26.4408	
26.5561	
25.7387	
25.4603	
25.214	
25.0169	
24.5281	
24.4195	
24.3522	
23.6927	
23.3532	
23.4174	
23.2501	
23.5764	
23.781	
23.5264	
23.8124	
23.5317	
23.7978	
24.0913	
24.8926	
25.6929	
26.3517	
27.6039	
28.2876	
28.7329	
29.2247	
29.4328	
30.3964	
31.0624	
31.3452	
31.0367	
30.9652	
30.8041	
30.1088	
29.4744	
29.727	
30.5467	
30.6867	
31.881	
29.3058	
23.4157	
20.4451	
19.5	
15.9715	
14.8102	
14.0164	
14.7568	
15.4827	
15.7369	
15.1294	
14.9029	
14.8731	
14.5697	
12.6334	
7.44008	
1.55398	
3.02277	
12.2616	
31.837	
58.0003	
80.4557	
89.5693	
86.5445	
90.9289	
83.6034	
37.7774	
14.6156	
6.81432	
8.07373	
9.93963	
10.481	
10.7993	
10.4715	
9.63038	
9.21077	
8.17252	
7.86698	
7.76262	
9.98302	
17.8399	
24.4309	
31.8452	
26.7583	
23.271	
21.9199	
18.835	
19.1695	
19.5998	
19.1917	
18.7382	
18.7925	
19.0424	
19.0541	
19.6334	
19.7999	
20.3573	
20.9059	
20.4853	
17.0583	
10.3136	
5.41073	
8.19232	
18.896	
39.124	
64.5465	
86.5955	
102.828	
120	
115.479	
112.048	
64.661	
23.2481	
13.1598	
15.1744	
17.592	
17.9256	
18.6908	
18.8666	
18.7605	
19.4786	
19.7837	
19.9463	
19.9156	
20.7721	
18.559	
18.3442	
18.214	
18.4649	
18.7252	
18.9012	
19.7102	
20.0141	
20.808	
21.0711	
21.1147	
20.9759	
20.844	
21.0428	
21.1347	
21.9161	
20.9268	
20.9739	
20.7741	
19.9239	
19.5093	
19.6124	
20.3933	
20.4842	
21.0064	
21.2458	
21.1351	
21.5769	
22.2471	
21.418	
20.9621	
21.5905	
18.8143	
18.278	
18.6357	
18.3368	
19.3703	
22.1299	
25.3621	
28.8272	
32.3348	
34.5132	
35.7656	
37.1067	
38.2925	
39.1257	
39.8648	
40.6749	
41.1961	
41.7921	
43.3337	
41.9173	
37.9331	
35.2669	
32.7237	
29.192	
29.8561	
29.8154	
29.4882	
27.2198	
26.5579	
24.6841	
22.1536	
22.6016	
19.7598	
17.8075	
17.9869	
16.8847	
15.9247	
15.7728	
16.051	
13.9527	
13.5591	
14.4216	
12.0261	
12.1235	
12.6847	
12.9242	
12.3193	
10.6755	
11.4099	
12.9007	
27.5266	
42.7452	
47.6844	
53.5342	
78.3533	
99.5837	
105.329	
97.5039	
82.769	
73.5967	
42.6034	
16.3677	
7.64754	
9.42649	
11.7427	
12.3761	
13.0436	
14.5647	
12.7084	
12.7569	
14.315	
14.1925	
13.6406	
14.8518	
14.4894	
15.2209	
16.037	
16.0565	
16.4801	
16.4637	
17.4743	
17.5593	
18.3499	
18.6967	
18.4051	
18.6727	
19.494	
20.2636	
21.494	
22.2893	
22.7945	
23.4551	
23.911	
23.7942	
24.2505	
24.6127	
25.8637	
24.8555	
25.0774	
25.3497	
25.5936	
26.01	
26.0271	
26.3463	
26.8383	
27.1683	
28.0222	
26.5582	
26.9448	
27.961	
26.1702	
26.7791	
26.6744	
25.7192	
25.5047	
27.238	
27.4691	
28.2836	
29.2383	
29.6157	
30.2542	
31.2957	
31.8625	
32.4829	
33.1507	
32.7529	
30.167	
30.3586	
32.0146	
31.9869	
30.8364	
32.3125	
32.2523	
32.4731	
32.5199	
32.1846	
31.9849	
31.3974	
31.2558	
31.1395	
31.3989	
31.3432	
30.8809	
30.4261	
30.4389	
30.1054	
30.3537	
30.7292	
30.8897	
30.8812	
30.7779	
30.3178	
29.7548	
28.5591	
28.2094	
27.9802	
28.2715	
28.3819	
27.8122	
27.8277	
29.4504	
26.7898	
26.6794	
26.7901	
27.0967	
26.6708	
25.8766	
25.2163	
25.1505	
25.156	
26.0629	
24.8998	
24.9481	
25.0194	
25.0557	
24.6236	
24.6938	
24.2294	
23.8958	
24.3406	
24.1827	
23.5254	
23.3636	
23.115	
22.8257	
23.2051	
24.0198	
23.1273	
22.7897	
23.7317	
22.4297	
21.9896	
21.644	
21.3259	
21.434	
21.3837	
21.1816	
21.4157	
21.5278	
22.2068	
21.0885	
21.0902	
21.4213	
22.1946	
23.1938	
24.302	
25.7412	
27.6604	
29.6694	
30.362	
31.0922	
32.29	
33.097	
33.3469	
32.456	
31.6578	
30.4541	
29.5174	
29.0952	
30.2605	
31.5127	
33.9792	
28.7606	
27.2486	
25.6665	
23.3647	
21.0001	
19.3416	
18.7408	
18.7036	
18.3882	
18.2757	
17.2444	
16.8887	
16.5949	
16.8298	
15.2899	
10.7979	
8.49033	
10.8077	
20.1117	
39.7638	
66.3675	
84.9625	
85.6676	
94.7509	
99.5358	
92.276	
45.4666	
21.1652	
13.3411	
14.9084	
16.4098	
16.956	
17.3204	
17.7985	
18.1616	
18.1665	
17.8715	
17.7558	
17.7782	
17.7928	
18.0837	
18.5822	
18.9006	
18.5304	
18.7062	
18.6819	
18.9539	
19.819	
20.6041	
19.8671	
20.0765	
21.635	
21.6783	
22.4525	
23.1421	
23.7176	
24.0487	
23.7221	
22.9563	
22.4871	
22.4574	
22.9902	
22.0843	
22.0036	
23.0254	
22.8502	
21.7662	
23.5672	
21.3532	
20.8798	
20.6836	
18.9206	
17.6988	
17.0651	
17.374	
18.4421	
20.9323	
22.4211	
25.3698	
28.3431	
30.1828	
31.7601	
32.812	
33.8169	
35.1547	
35.7887	
36.429	
36.7542	
37.01	
37.2718	
37.2151	
37.6028	
37.9137	
37.9608	
37.0694	
36.4797	
37.5214	
36.8478	
36.5136	
37.2206	
35.5719	
34.6666	
33.8586	
32.7734	
32.4076	
32.1211	
31.7467	
31.6562	
31.3214	
32.0075	
29.4531	
28.3571	
29.729	
27.6991	
26.9125	
26.3161	
25.1044	
24.1053	
23.6594	
23.3421	
22.9427	
23.0881	
22.7971	
22.7806	
22.5973	
22.947	
21.9095	
21.5264	
20.9983	
19.9534	
19.0807	
18.8401	
18.6397	
18.876	
19.2105	
19.0834	
20.3649	
21.5962	
22.0193	
22.9504	
24.5783	
25.3573	
26.6093	
27.7636	
29.3409	
29.8405	
28.8056	
27.9758	
26.9811	
25.7789	
25.7581	
25.6679	
26.7883	
28.2932	
30.3439	
29.3747	
23.2639	
21.2779	
15.5792	
14.6923	
14.8254	
15.1353	
15.5184	
15.3767	
15.2228	
15.2487	
15.0839	
14.6481	
12.3604	
5.93568	
0	
8.29655	
21.1677	
42.8868	
67.3356	
85.4263	
90.0141	
87.3699	
93.7154	
93.0171	
78.4974	
35.3702	
15.9868	
13.3983	
15.6113	
16.4114	
16.439	
16.2358	
16.1221	
16.9578	
17.3294	
17.8264	
18.3401	
18.5429	
18.9475	
19.3474	
20.1701	
19.2716	
20.0586	
20.42	
19.8566	
20.6344	
21.017	
21.8525	
22.5198	
23.0971	
23.162	
23.4193	
23.495	
24.2688	
22.5986	
23.4288	
23.4515	
22.9548	
23.1558	
23.7499	
23.7967	
23.5544	
26.6852	
25.7366	
25.5129	
24.8778	
24.7256	
24.2645	
24.7964	
24.4886	
24.6879	
25.1885	
25.1381	
26.719	
27.6643	
29.0845	
30.5061	
31.2434	
32.0312	
32.6717	
33.0381	
34.0001	
34.014	
33.4398	
33.6378	
33.701	
33.5664	
33.92	
34.6864	
33.1036	
32.8448	
33.3173	
32.1961	
31.8172	
31.3962	
30.8172	
30.2602	
29.6295	
29.0218	
28.7188	
28.2697	
28.0362	
27.1773	
26.6192	
25.9916	
25.2454	
24.4389	
24.1101	
23.7618	
23.2523	
22.369	
21.648	
21.0385	
20.9762	
20.7748	
20.657	
20.5385	
20.713	
20.6822	
20.2982	
20.3868	
20.5394	
20.4749	
20.5727	
20.4019	
20.2474	
20.2999	
20.7538	
22.7607	
24.0274	
24.8189	
25.6632	
26.8532	
27.9928	
29.435	
30.5161	
31.9529	
32.8987	
32.7852	
32.7339	
32.8127	
31.8536	
31.5601	
31.4712	
32.5273	
32.1869	
32.8259	
29.646	
25.5665	
22.7499	
21.1285	
21.0241	
21.2972	
21.4386	
21.0714	
20.4826	
20.3009	
20.5391	
20.9344	
21.8069	
20.9348	
20.8166	
18.9078	
12.5743	
8.45889	
12.018	
23.9743	
46.2779	
72.9458	
86.0219	
85.676	
81.5981	
71.6662	
60.0638	
36.4333	
20.2185	
16.5731	
17.7368	
18.9985	
19.3453	
19.5991	
19.8029	
19.6666	
19.4708	
20.0512	
20.3008	
20.9765	
21.35	
21.935	
22.1386	
22.2455	
23.7129	
21.425	
19.1909	
21.6369	
21.389	
21.5493	
21.6841	
21.3216	
21.759	
22.1987	
22.8869	
23.5559	
23.5818	
23.7782	
23.0852	
23.383	
23.5897	
24.2047	
24.0192	
24.3859	
24.2889	
23.6598	
23.1934	
22.694	
23.2893	
23.7861	
25.137	
23.3239	
22.5574	
23.6556	
22.1267	
21.5908	
21.4451	
20.8463	
21.4835	
22.461	
23.8808	
25.9539	
27.4295	
28.3909	
29.6876	
30.6608	
31.3441	
31.5917	
31.7054	
32.4332	
32.5417	
33.0983	
33.3077	
33.8448	
32.251	
32.4064	
32.1341	
30.3981	
30.1064	
30.5291	
30.4952	
29.9943	
32.9936	
32.2888	
30.089	
31.6561	
29.3418	
28.801	
28.3621	
27.4537	
26.3285	
25.9429	
25.9565	
25.6917	
25.6996	
25.6528	
25.0619	
24.9557	
24.7968	
24.6527	
24.3093	
24.1998	
24.2141	
24.0674	
23.5196	
23.0031	
23.5493	
24.2039	
25.5336	
23.869	
24.0478	
24.8264	
24.292	
24.7056	
25.4426	
27.0057	
27.798	
29.306	
29.9596	
30.4645	
31.0684	
31.2621	
32.3394	
33.0587	
33.3914	
33.0771	
33.1208	
32.8994	
32.2964	
31.8015	
32.3649	
33.1968	
32.9891	
34.2521	
30.7656	
25.3576	
22.7266	
22.7409	
18.4827	
17.6733	
17.2562	
18.0876	
18.7027	
18.7692	
18.2434	
18.1539	
18.1423	
17.8123	
15.4521	
9.87955	
4.81077	
7.96132	
19.3305	
40.9177	
67.5503	
80.3322	
80.3448	
76.3182	
75.7605	
64.0115	
34.3764	
14.3122	
9.95656	
11.8061	
13.0654	
13.5578	
14.1604	
13.5286	
14.0428	
13.8954	
11.4111	
9.98498	
10.9098	
10.732	
9.33412	
